tensor([[ 0.0204,  0.0330,  0.0554,  0.0516,  0.0371,  0.0607, -0.0291,  0.0252,
         -0.0668, -0.0051],
        [ 0.0136,  0.0280,  0.0505,  0.0492,  0.0431,  0.0538, -0.0312,  0.0220,
         -0.0654, -0.0067],
        [ 0.0154,  0.0351,  0.0354,  0.0326,  0.0575,  0.0540, -0.0189,  0.0395,
         -0.0357,  0.0160],
        [ 0.0378,  0.0289,  0.0827,  0.0507,  0.0315,  0.0771, -0.0258,  0.0254,
         -0.0916, -0.0170],
        [ 0.0191,  0.0227,  0.0628,  0.0463,  0.0489,  0.0710, -0.0268,  0.0214,
         -0.0659,  0.0184],
        [ 0.0191,  0.0277,  0.0542,  0.0491,  0.0341,  0.0650, -0.0297,  0.0251,
         -0.0680, -0.0002],
        [ 0.0213,  0.0279,  0.0549,  0.0514,  0.0371,  0.0608, -0.0284,  0.0268,
         -0.0665, -0.0007],
        [ 0.0182,  0.0296,  0.0602,  0.0497,  0.0386,  0.0646, -0.0301,  0.0158,
         -0.0639,  0.0023],
        [ 0.0202,  0.0364,  0.0505,  0.0531,  0.0413,  0.0584, -0.0283,  0.0159,
         -0.0685, -0.0063],
        [ 0.0103,  0.0369,  0.0327,  0.0665,  0.0518,  0.0594, -0.0287,  0.0390,
         -0.0540, -0.0011]], grad_fn=<SliceBackward>)
tensor([[ 0.1421, -0.6700,  0.7586, -0.1353, -0.6012, -0.0056, -0.8165,  0.1882,
         -0.3629,  0.9141],
        [ 0.4218,  0.2712, -0.1587, -0.5964,  0.2744, -0.7552, -0.3090, -0.8498,
         -0.1009,  1.3542],
        [ 0.7998, -0.5954,  0.7997,  0.3640, -0.6830,  0.4930, -0.1091,  0.1609,
         -0.5306, -0.0197],
        [ 0.3808, -0.7352,  0.0436,  0.4296, -0.1700, -0.2213,  0.9366,  0.6984,
         -0.3039,  0.4459],
        [-0.1553,  0.1354,  0.0066, -0.1309,  0.3129, -1.1448,  0.3199, -0.1506,
          0.0246, -0.9298],
        [-0.5476,  0.0221,  0.3878, -0.1909, -0.8453, -0.2638, -0.8720,  0.9851,
          0.8406,  0.3685],
        [ 0.6870, -0.1709,  0.8255, -0.5024,  0.3746, -0.9301,  0.0248, -0.0222,
         -0.1613, -0.5411],
        [-1.0190,  0.1083, -0.6347,  0.2864, -0.6845, -0.1633,  0.1128, -0.4577,
          0.7079,  0.6931],
        [ 0.0606, -0.8377, -1.1820,  0.8761, -1.4349, -0.4549, -0.7314, -0.3286,
          0.2677, -0.3716],
        [-0.2635, -0.3996, -0.3892, -0.6614, -0.9797,  0.2881,  0.1232,  0.2485,
          0.9886,  0.4063]], grad_fn=<SliceBackward>)
Epoch:  0 | Loss: 0.7895 | Train Accuracy: 73.67
Epoch:  1 | Loss: 0.3682 | Train Accuracy: 88.86
Epoch:  2 | Loss: 0.2401 | Train Accuracy: 92.63