

        Parameter containing:
tensor([[-0.3522,  2.4997, -0.8875,  ...,  1.5742, -0.7442, -0.8865],
        [ 0.8625,  0.4977, -1.6312,  ..., -0.0655, -0.7320, -0.2284],
        [ 0.5434, -1.4971,  0.1703,  ..., -1.2068, -1.1122,  0.4330],
        ...,
        [ 0.7007, -0.8207, -0.4799,  ...,  2.4951, -0.1175, -0.0166],
        [ 1.4545,  0.2004, -0.9770,  ..., -1.1891,  0.5276, -0.7496],
        [ 0.0615,  0.1111,  0.2918,  ..., -0.2021,  1.6944, -1.1183]],
       requires_grad=True)


Parameter containing:
tensor([[-0.3522,  2.4997, -0.8875,  ...,  1.5742, -0.7442, -0.8865],
        [ 0.8625,  0.4977, -1.6312,  ..., -0.0655, -0.7320, -0.2284],
        [ 0.5434, -1.4971,  0.1703,  ..., -1.2068, -1.1122,  0.4330],
        ...,
        [ 0.7007, -0.8207, -0.4799,  ...,  2.4951, -0.1175, -0.0166],
        [ 1.4545,  0.2004, -0.9770,  ..., -1.1891,  0.5276, -0.7496],
        [ 0.0615,  0.1111,  0.2918,  ..., -0.2021,  1.6944, -1.1183]],
       requires_grad=True)


       Parameter containing:
tensor([[-0.3443,  2.5562, -0.8451,  ...,  1.5796, -0.6803, -0.8963],
        [ 0.8455,  0.5063, -1.6741,  ...,  0.0059, -0.7745, -0.2328],
        [ 0.5905, -1.5049,  0.2349,  ..., -1.2676, -1.0486,  0.4309],
        ...,
        [ 0.7042, -0.8536, -0.5231,  ...,  2.4806, -0.1607, -0.0121],
        [ 1.4696,  0.2194, -0.9656,  ..., -1.2526,  0.5917, -0.7299],
        [ 0.0912,  0.1050,  0.2506,  ..., -0.2006,  1.6518, -1.1007]],
       requires_grad=True)